1.502535753574365529e+00 1.669397125244140625e+02 3.016937255859375000e+01
9.736206149254369446e-01 1.231080856323242188e+02 2.261248588562011719e+01
6.030458181854729816e-01 1.001059570312500000e+02 1.935207366943359375e+01
9.736206149254369446e-01 1.231080856323242188e+02 2.261248588562011719e+01
1.733832358460582590e+00 1.873258056640625000e+02 3.377196884155273438e+01
8.789766401896590420e-01 1.171016998291015625e+02 2.173150253295898438e+01
1.033259801946324830e+00 1.271716766357421875e+02 2.324623870849609375e+01
1.883527959608889635e+00 2.005196838378906250e+02 3.610357666015625000e+01
5.199876536472163302e-01 9.499342346191406250e+01 1.863704681396484375e+01
9.755132600159766021e-01 1.232297668457031250e+02 2.263072967529296875e+01
7.377828663944658860e-01 1.083995208740234375e+02 2.051198577880859375e+01
9.199781871424168589e-01 1.196831512451171875e+02 2.210623359680175781e+01
1.109036795065619474e+00 1.327714385986328125e+02 2.416156387329101562e+01
4.570765421201341550e-01 9.112100982666015625e+01 1.809546279907226562e+01
1.275772417807118364e+00 1.469531860351562500e+02 2.663738632202148438e+01
3.899763677159697739e-01 8.699075317382812500e+01 1.751781845092773438e+01
9.041918144285880921e-01 1.186799621582031250e+02 2.195911979675292969e+01
5.297955144907207092e-01 9.559713745117187500e+01 1.872148132324218750e+01
1.579753122138380261e+00 1.737455139160156250e+02 3.137208175659179688e+01
4.781547782155177728e-01 9.241845703125000000e+01 1.827692031860351562e+01
1.827560317984188609e+00 1.955868072509765625e+02 3.523184204101562500e+01
9.292333175888252139e-01 1.202721710205078125e+02 2.219272232055664062e+01
1.903690220905125408e+00 2.022967529296875000e+02 3.641761016845703125e+01
1.149877571677545340e+00 1.360321655273437500e+02 2.471573257446289062e+01
8.627895393161777449e-03 7.035849761962890625e+01 1.524319171905517578e+01
1.679070976146395111e-01 7.489429473876953125e+01 1.589176654815673828e+01
6.083217626464456629e-01 1.004307098388671875e+02 1.939749145507812500e+01
1.992178579780057079e+00 2.101104888916015625e+02 3.779865646362304688e+01
6.757315742278371395e-01 1.045800323486328125e+02 1.997780418395996094e+01
2.190055671055066711e-01 7.742823791503906250e+01 1.622103309631347656e+01
1.328594747368474716e+00 1.516088562011718750e+02 2.746012496948242188e+01
3.505794390436007824e-01 8.460556030273437500e+01 1.718644332885742188e+01
5.141256778754910162e-01 9.463259887695312500e+01 1.858658599853515625e+01
1.296234151291719705e-02 7.036949157714843750e+01 1.524110603332519531e+01
1.787494101179668560e+00 1.920554199218750000e+02 3.460778427124023438e+01
5.750576228287545000e-01 9.838317871093750000e+01 1.911112976074218750e+01
1.905767964252416791e+00 2.024798889160156250e+02 3.644997406005859375e+01
3.470400680803860105e-01 8.439427185058593750e+01 1.715725898742675781e+01
4.607681196811188595e-01 9.134823608398437500e+01 1.812724304199218750e+01
1.074744344788771677e-01 7.225008392333984375e+01 1.551951980590820312e+01
1.738389995074727468e+00 1.877274780273437500e+02 3.384295272827148438e+01
1.726554922697733918e+00 1.866843566894531250e+02 3.365861511230468750e+01
1.749369772975379878e-01 7.523225402832031250e+01 1.593498516082763672e+01
1.851023880051390513e+00 1.976548614501953125e+02 3.559730148315429688e+01
1.608225077673530068e+00 1.762549743652343750e+02 3.181554985046386719e+01
2.342551524920899464e-01 7.820258331298828125e+01 1.632276916503906250e+01
1.919373398040481238e+00 2.036790313720703125e+02 3.666188812255859375e+01
1.840738152779190173e+00 1.967482757568359375e+02 3.543709564208984375e+01
4.819162881993901415e-01 9.264999389648437500e+01 1.830930328369140625e+01
1.924552907629872411e+00 2.041355590820312500e+02 3.674256896972656250e+01
2.550658627813304768e-01 7.932122039794921875e+01 1.647242355346679688e+01
5.923621410032871015e-01 9.944833374023437500e+01 1.926009941101074219e+01
8.032336619661479826e-01 1.124282455444335938e+02 2.107543182373046875e+01
1.752125917509022246e+00 1.889381561279296875e+02 3.405690002441406250e+01
9.370208937776394187e-01 1.207677917480468750e+02 2.226549530029296875e+01
6.725902483911960772e-01 1.043866729736328125e+02 1.995075988769531250e+01
1.133981917758126290e+00 1.347299652099609375e+02 2.449139022827148438e+01
1.555409963473746604e+00 1.715999450683593750e+02 3.099291992187500000e+01
4.702957093534678723e-01 9.193470001220703125e+01 1.820926284790039062e+01
1.459651726894226620e+00 1.631600036621093750e+02 2.950142669677734375e+01
1.403504984886436269e+00 1.582113037109375000e+02 2.862690353393554688e+01
3.187468915470645925e-01 8.275724792480468750e+01 1.693279838562011719e+01
1.779464338730299744e+00 1.913476867675781250e+02 3.448271179199218750e+01
3.292217378669322070e-01 8.334613800048828125e+01 1.701297760009765625e+01
1.808495638297607178e+00 1.939064636230468750e+02 3.493489837646484375e+01
1.630376951887766879e+00 1.782073974609375000e+02 3.216058349609375000e+01
1.081996797779865460e+00 1.307308654785156250e+02 2.382418823242187500e+01
1.193754207361502173e+00 1.397702026367187500e+02 2.536989402770996094e+01
9.370208937776394187e-01 1.207677917480468750e+02 2.226549530029296875e+01
1.349072354894300441e+00 1.534137268066406250e+02 2.777907943725585938e+01
4.852550873841599000e-01 9.285551452636718750e+01 1.833804321289062500e+01
1.505719684819431636e+00 1.672203369140625000e+02 3.021896553039550781e+01
8.627895393161777449e-03 7.035849761962890625e+01 1.524319171905517578e+01
5.867703757941211684e-01 9.910414886474609375e+01 1.921196174621582031e+01
1.354847427270913229e+00 1.539227142333984375e+02 2.786902809143066406e+01
8.153932738086280274e-01 1.131767196655273438e+02 2.118011093139648438e+01
7.774122629589284017e-01 1.108388442993164062e+02 2.085314369201660156e+01
9.873861515529820387e-01 1.239965362548828125e+02 2.274605178833007812e+01
4.060743896991749757e-01 8.798164367675781250e+01 1.765640258789062500e+01
6.405474901719516723e-01 1.024143218994140625e+02 1.967491149902343750e+01
1.900263573747118961e+00 2.019947357177734375e+02 3.636424636840820312e+01
6.472943924223582002e-01 1.028296051025390625e+02 1.973299407958984375e+01
6.472943924223582002e-01 1.028296051025390625e+02 1.973299407958984375e+01
1.608976388162723259e+00 1.763211975097656250e+02 3.182725143432617188e+01
1.917490849409181575e+00 2.035131225585937500e+02 3.663256835937500000e+01
1.816684007633354581e+00 1.946281738281250000e+02 3.506243133544921875e+01
1.092488283782691472e+00 1.315076293945312500e+02 2.395129394531250000e+01
1.627249749172678284e+00 1.779317932128906250e+02 3.211187362670898438e+01
2.099389185681461711e-01 7.696983337402343750e+01 1.616089057922363281e+01
1.720277483560509468e+00 1.861310882568359375e+02 3.356084442138671875e+01
9.118284310311204344e-01 1.191645050048828125e+02 2.203007888793945312e+01
1.102484906868346659e+00 1.322688751220703125e+02 2.407783889770507812e+01
8.554058739257359711e-01 1.156396331787109375e+02 2.152457046508789062e+01
8.419047514083202177e-01 1.148085937500000000e+02 2.140834045410156250e+01
1.837728090974623418e+00 1.964829711914062500e+02 3.539021301269531250e+01
7.930785153866315440e-01 1.118031616210937500e+02 2.098801040649414062e+01
7.657484316802343205e-01 1.101208953857421875e+02 2.075273323059082031e+01
3.714275497054257968e-01 8.585019683837890625e+01 1.735836982727050781e+01
3.606217789470509416e-01 8.520510101318359375e+01 1.726926040649414062e+01
1.790609936913079236e+00 1.923300781250000000e+02 3.465631866455078125e+01
