7.297243540627991187e-01 2.361203193664550781e+01 1.612095534801483154e-01
6.400333534054936102e-01 2.323860168457031250e+01 1.567493379116058350e-01
1.629776070860087911e+00 2.735939216613769531e+01 2.059710919857025146e-01
1.013416330130458620e+00 2.479318237304687500e+01 1.753185093402862549e-01
8.979055958548709526e-01 2.431225395202636719e+01 1.695736944675445557e-01
1.352761796385232973e+00 2.620604705810546875e+01 1.921943724155426025e-01
1.528798474212911263e+00 2.693897438049316406e+01 2.009489834308624268e-01
1.981252694583102159e-01 2.053217697143554688e+01 1.319432556629180908e-01
1.741751910963008632e+00 2.782560729980468750e+01 2.115399539470672607e-01
6.425791167620180655e-01 2.324920082092285156e+01 1.568758189678192139e-01
3.181523108702983826e-01 2.189845085144042969e+01 1.407418549060821533e-01
9.472847686557583913e-01 2.451784324645996094e+01 1.720297038555145264e-01
1.328626496230113307e+00 2.610555839538574219e+01 1.909942328929901123e-01
6.118936396960239499e-02 1.726771545410156250e+01 1.221055760979652405e-01
1.165098692005276826e+00 2.542471122741699219e+01 1.828618943691253662e-01
8.278221883584324647e-01 2.402046203613281250e+01 1.660883724689483643e-01
1.116205913490214030e+00 2.522114753723144531e+01 1.804303228855133057e-01
8.967998665220886512e-01 2.430764961242675781e+01 1.695186197757720947e-01
1.213103010107749125e+00 2.562457656860351562e+01 1.852488815784454346e-01
1.080972476405121174e+00 2.507444953918457031e+01 1.786778867244720459e-01
1.839331489155890731e+00 2.823187446594238281e+01 2.163924276828765869e-01
1.295929673785078062e+00 2.596942520141601562e+01 1.893679797649383545e-01
2.200550951352457929e-01 2.092478561401367188e+01 1.340176761150360107e-01
2.170026378542466716e-02 1.605334091186523438e+01 1.203147843480110168e-01
7.055358048050319741e-01 2.351132392883300781e+01 1.600067913532257080e-01
1.996974658056051233e+00 2.888822746276855469e+01 2.242317497730255127e-01
6.148629538737870881e-02 1.727684783935546875e+01 1.221189275383949280e-01
1.778512637817998954e+00 2.797866058349609375e+01 2.133677303791046143e-01
9.145002796552903490e-01 2.438134574890136719e+01 1.703989803791046143e-01
1.239595787882634692e-01 1.919803428649902344e+01 1.249519959092140198e-01
1.131015042313582075e+00 2.528280448913574219e+01 1.811666786670684814e-01
9.783372160548478025e-01 2.464713096618652344e+01 1.735735833644866943e-01
1.217750702106582761e+00 2.564392662048339844e+01 1.854802072048187256e-01
1.098061352119522827e+00 2.514559745788574219e+01 1.795278489589691162e-01
1.279417507881914773e+00 2.590067481994628906e+01 1.885466873645782471e-01
9.845454684305421367e-02 1.841369819641113281e+01 1.237956061959266663e-01
7.155641661242870821e-01 2.355307579040527344e+01 1.605059802532196045e-01
1.625186574533896255e+00 2.734028816223144531e+01 2.057425081729888916e-01
1.240382680124726855e+00 2.573815345764160156e+01 1.866056025028228760e-01
4.523309923148655098e-01 2.245710563659667969e+01 1.474146544933319092e-01
6.236626003522562911e-01 2.317044448852539062e+01 1.559347808361053467e-01
1.726739444507931598e+00 2.776309967041015625e+01 2.107929885387420654e-01
1.957704873366635789e+00 2.872472953796386719e+01 2.222790420055389404e-01
6.593385339300028569e-01 2.331898117065429688e+01 1.577095091342926025e-01
1.580758876410846669e+00 2.715531349182128906e+01 2.035330832004547119e-01
9.779367917520884745e-01 2.464546394348144531e+01 1.735536158084869385e-01
1.712847681372251518e-01 2.005165481567382812e+01 1.294040381908416748e-01
9.823163651793400675e-01 2.466369819641113281e+01 1.737717688083648682e-01
9.083522821043235052e-01 2.435574722290039062e+01 1.700935065746307373e-01
9.432324919541290598e-01 2.450097465515136719e+01 1.718280613422393799e-01
2.046085156975812058e-01 2.064824867248535156e+01 1.325565874576568604e-01
7.058137175865140112e-01 2.351247978210449219e+01 1.600205004215240479e-01
2.909297489719169238e-01 2.178511238098144531e+01 1.393881142139434814e-01
8.319534778316097778e-01 2.403766250610351562e+01 1.662938892841339111e-01
8.858394067845691833e-01 2.426201629638671875e+01 1.689737737178802490e-01
1.928702896883079720e+00 2.860397529602050781e+01 2.208370268344879150e-01
1.373925648386709053e-01 1.944488716125488281e+01 1.261985599994659424e-01
2.542860473242030128e-01 2.153761863708496094e+01 1.372553408145904541e-01
9.541915399267559827e-01 2.454659843444824219e+01 1.723735630512237549e-01
9.051202346675888410e-01 2.434229469299316406e+01 1.699325144290924072e-01
6.107152000074567155e-02 1.726409339904785156e+01 1.221003904938697815e-01
1.434589420982215646e+00 2.654673576354980469e+01 1.962640583515167236e-01
1.189256093285818494e+00 2.552528953552246094e+01 1.840628683567047119e-01
1.412367579394273598e+00 2.645421028137207031e+01 1.951587498188018799e-01
5.060734004108002893e-03 1.554163074493408203e+01 1.195673123002052307e-01
5.275966213611689160e-01 2.277047157287597656e+01 1.511575877666473389e-01
5.236303701543623124e-01 2.275395965576171875e+01 1.509605944156646729e-01
1.446803759639560205e+00 2.659759140014648438e+01 1.968714296817779541e-01
1.330412789153543329e-01 1.936698341369628906e+01 1.257867515087127686e-01
6.595808665860054543e-01 2.331998634338378906e+01 1.577217280864715576e-01
6.272833069519618832e-01 2.318551826477050781e+01 1.561155021190643311e-01
1.125677183769881351e+00 2.526058006286621094e+01 1.809011995792388916e-01
1.766664598228697480e+00 2.792933273315429688e+01 2.127784788608551025e-01
1.329871086963315463e+00 2.611073875427246094e+01 1.910563409328460693e-01
1.095305692659693353e+00 2.513412666320800781e+01 1.793908178806304932e-01
1.389336370725618997e+00 2.635832214355468750e+01 1.940136849880218506e-01
2.016556455820996963e-01 2.059538269042968750e+01 1.322773396968841553e-01
4.942001389209547124e-01 2.263142585754394531e+01 1.494968235492706299e-01
1.130237837691811187e+00 2.527956581115722656e+01 1.811281740665435791e-01
9.784262545299218239e-01 2.464750289916992188e+01 1.735782921314239502e-01
6.570801316845176210e-01 2.330957603454589844e+01 1.575969755649566650e-01
1.642328372763531386e+00 2.741165351867675781e+01 2.065949738025665283e-01
1.882950598030816325e+00 2.841348457336425781e+01 2.185618579387664795e-01
3.825682367944664986e-01 2.216664695739746094e+01 1.439453661441802979e-01
1.221729851496420549e+00 2.566049766540527344e+01 1.856777966022491455e-01
1.088778648477032762e+00 2.510695075988769531e+01 1.790658533573150635e-01
1.358016438409779258e+00 2.622792243957519531e+01 1.924559772014617920e-01
4.526470790302110636e-01 2.245842170715332031e+01 1.474305689334869385e-01
1.823086298048539611e-01 2.024901390075683594e+01 1.304471194744110107e-01
6.903830292603996277e-01 2.344823265075683594e+01 1.592533886432647705e-01
1.751506191644806476e+00 2.786621475219726562e+01 2.120245993137359619e-01
1.417922389175799491e+00 2.647734260559082031e+01 1.954350769519805908e-01
1.932114774862188078e+00 2.861818122863769531e+01 2.210064232349395752e-01
1.196485206955418157e+00 2.555538940429687500e+01 1.844224035739898682e-01
4.438056176136158104e-01 2.242160987854003906e+01 1.469904482364654541e-01
1.536784720494390744e+00 2.697221946716308594e+01 2.013461291790008545e-01
6.320779987702718206e-01 2.320548057556152344e+01 1.563535630702972412e-01
9.053914653688770464e-01 2.434342002868652344e+01 1.699460446834564209e-01
6.218942644360743177e-01 2.316308021545410156e+01 1.558469235897064209e-01
1.492231802572089761e+00 2.678672790527343750e+01 1.991303861141204834e-01
5.169359215674205199e-01 2.272608757019042969e+01 1.506274044513702393e-01
9.401448801514857845e-01 2.448811721801757812e+01 1.716746389865875244e-01
1.084561813047654422e+00 2.508939933776855469e+01 1.788562834262847900e-01
9.742710639137290851e-01 2.463019943237304688e+01 1.733718216419219971e-01
2.947308173182332514e-01 2.180093383789062500e+01 1.395770609378814697e-01
4.609181776675868036e-01 2.249285697937011719e+01 1.478414833545684814e-01
1.855777972779288909e-01 2.030754089355468750e+01 1.307564675807952881e-01
9.717488744148612412e-01 2.461970329284667969e+01 1.732460558414459229e-01
1.295576233631858809e-01 1.930461502075195312e+01 1.254571378231048584e-01
1.086536500767980584e-01 1.872734260559082031e+01 1.242578998208045959e-01
1.646214086784166586e+00 2.742783164978027344e+01 2.067880928516387939e-01
4.561794732258164231e-01 2.247312927246093750e+01 1.476061642169952393e-01
1.006300511617428395e-01 1.848060417175292969e+01 1.238941326737403870e-01
1.524754356809831179e+00 2.692213439941406250e+01 2.007476389408111572e-01
1.863853645356972510e+00 2.833398056030273438e+01 2.176114618778228760e-01
1.021231031138269074e+00 2.482571601867675781e+01 1.757072508335113525e-01
4.603839898800943242e-01 2.249063301086425781e+01 1.478154957294464111e-01
6.199681096920854895e-01 2.315505981445312500e+01 1.557519137859344482e-01
6.375856131821937556e-01 2.322841453552246094e+01 1.566275656223297119e-01
1.798219545408623832e+00 2.806070709228515625e+01 2.143478691577911377e-01
1.106595632094792725e+00 2.518113327026367188e+01 1.799521744251251221e-01
8.790061494840288869e-01 2.423356437683105469e+01 1.686335504055023193e-01
5.694845252754725529e-01 2.294487571716308594e+01 1.532407104969024658e-01
7.962567143344343457e-01 2.388903808593750000e+01 1.645189225673675537e-01
9.595282987445954426e-01 2.456881904602050781e+01 1.726383268833160400e-01
4.200130974878300005e-01 2.232254981994628906e+01 1.458074152469635010e-01
9.529629613397891941e-01 2.454148483276367188e+01 1.723116934299468994e-01
1.088839608060645281e+00 2.510720634460449219e+01 1.790693700313568115e-01
2.174672220143076817e-01 2.087845420837402344e+01 1.337728798389434814e-01
3.474054801705317441e-01 2.202025032043457031e+01 1.421965658664703369e-01
2.303965822439284494e-01 2.110993003845214844e+01 1.349960863590240479e-01
5.476644441124840501e-01 2.285402488708496094e+01 1.521554887294769287e-01
2.961773053015657187e-01 2.180695915222167969e+01 1.396489441394805908e-01
2.253219131599513148e-01 2.101907920837402344e+01 1.345159709453582764e-01
9.711440396442858614e-01 2.461718177795410156e+01 1.732158362865447998e-01
1.499836841017295530e+00 2.681839179992675781e+01 1.995085775852203369e-01
6.630248437267096673e-01 2.333432769775390625e+01 1.578928530216217041e-01
1.173842631185871399e+00 2.546111869812011719e+01 1.832964718341827393e-01
1.772467811292147255e+00 2.795349311828613281e+01 2.130669057369232178e-01
9.319413720262335055e-01 2.445395851135253906e+01 1.712661683559417725e-01
1.035723090240272981e+00 2.488605499267578125e+01 1.764276325702667236e-01
1.381334275329347827e+00 2.632500839233398438e+01 1.936154067516326904e-01
1.449071765883099383e+00 2.660703086853027344e+01 1.969843208789825439e-01
6.592188885962091405e-02 1.741325187683105469e+01 1.223200932145118713e-01
1.035474071395029672e+00 2.488501930236816406e+01 1.764152348041534424e-01
1.867477796014370917e+00 2.834906578063964844e+01 2.177923023700714111e-01
2.318732844999229492e-01 2.113636589050292969e+01 1.351359188556671143e-01
1.484825487394616950e+00 2.675589561462402344e+01 1.987625062465667725e-01
8.873654894122184889e-01 2.426836967468261719e+01 1.690494716167449951e-01
5.010333447773214210e-01 2.265987777709960938e+01 1.498366892337799072e-01
1.514216404929958903e+00 2.687825965881347656e+01 2.002238333225250244e-01
1.895749919454614574e+00 2.846677589416503906e+01 2.191983759403228760e-01
1.927894733468771049e+00 2.860060882568359375e+01 2.207968533039093018e-01
1.744751684712569251e+00 2.783809471130371094e+01 2.116890251636505127e-01
7.524364958233364931e-02 1.769991493225097656e+01 1.227429285645484924e-01
1.040658935602599922e+00 2.490661048889160156e+01 1.766733229160308838e-01
1.474664271740936172e+00 2.671358680725097656e+01 1.982565820217132568e-01
1.948322874043243447e+00 2.868566703796386719e+01 2.218125164508819580e-01
1.901401724299601526e+00 2.849030494689941406e+01 2.194788753986358643e-01
1.383734603461090673e+00 2.633500099182128906e+01 1.937346756458282471e-01
2.011270022585955886e-01 2.058591651916503906e+01 1.322272121906280518e-01
6.494399858014865412e-01 2.327776718139648438e+01 1.572172343730926514e-01
1.949737333806332185e+00 2.869155120849609375e+01 2.218833267688751221e-01
1.804790675822254276e+00 2.808806800842285156e+01 2.146740257740020752e-01
1.778141202187132563e+00 2.797711372375488281e+01 2.133485376834869385e-01
7.599165783286916387e-01 2.373773765563964844e+01 1.627112925052642822e-01
7.843688678869069619e-01 2.383954238891601562e+01 1.639274656772613525e-01
1.584517402920448070e+00 2.717095756530761719e+01 2.037196457386016846e-01
1.687619567074094551e-01 2.000648880004882812e+01 1.291656196117401123e-01
9.758123901128474831e-01 2.463662147521972656e+01 1.734484136104583740e-01
1.569317758240170724e+00 2.710767745971679688e+01 2.029637396335601807e-01
6.587309016145064255e-01 2.331645011901855469e+01 1.576791107654571533e-01
1.647172530869742246e+00 2.743182563781738281e+01 2.068364322185516357e-01
1.918250508290913592e+00 2.856045532226562500e+01 2.203173935413360596e-01
1.148502791622739938e+00 2.535561370849609375e+01 1.820367872714996338e-01
1.012429468931801857e+00 2.478907203674316406e+01 1.752689182758331299e-01
1.746755999036386786e+00 2.784643363952636719e+01 2.117882668972015381e-01
9.772044057913089610e-01 2.464241218566894531e+01 1.735175549983978271e-01
1.023315032878983288e+00 2.483439445495605469e+01 1.758103072643280029e-01
1.933653901043999035e+00 2.862458992004394531e+01 2.210829555988311768e-01
4.789431753270561032e-01 2.256790351867675781e+01 1.487382948398590088e-01
1.568705888464253517e+00 2.710512733459472656e+01 2.029334604740142822e-01
7.406808139218423737e-01 2.365764808654785156e+01 1.617547571659088135e-01
1.104254203508552523e+00 2.517138099670410156e+01 1.798362433910369873e-01
7.328090573626349080e-01 2.362487602233886719e+01 1.613627374172210693e-01
1.822197481571949940e+00 2.816053581237792969e+01 2.155407965183258057e-01
1.920542620798526556e-02 1.597661876678466797e+01 1.202018931508064270e-01
4.234511475981181938e-01 2.233686447143554688e+01 1.459781229496002197e-01
1.146537856686188128e+00 2.534742927551269531e+01 1.819387972354888916e-01
9.408005945612145648e-01 2.449084854125976562e+01 1.717073023319244385e-01
1.018248564782942234e+00 2.481330108642578125e+01 1.755584776401519775e-01
7.421858562663077308e-01 2.366391372680664062e+01 1.618297994136810303e-01
1.935604397490485518e+00 2.863270568847656250e+01 2.211805880069732666e-01
6.575196997051513392e-01 2.331140708923339844e+01 1.576192677021026611e-01
9.185735183266841020e-02 1.821082115173339844e+01 1.234963908791542053e-01
3.762897193796046480e-01 2.214050483703613281e+01 1.436330378055572510e-01
8.109089946758012424e-01 2.395004463195800781e+01 1.652472913265228271e-01
1.079593495846858042e+00 2.506870841979980469e+01 1.786094009876251221e-01
3.829334592230702050e-01 2.216816711425781250e+01 1.439632475376129150e-01
6.387503868730544099e-01 2.323326110839843750e+01 1.566854417324066162e-01
1.020247191474186188e-01 1.852349090576171875e+01 1.239575520157814026e-01
7.857078956871066389e-01 2.384511756896972656e+01 1.639940440654754639e-01
5.902776564085956412e-01 2.303144645690917969e+01 1.542749106884002686e-01
1.999026480986044740e+00 2.889677047729492188e+01 2.243343889713287354e-01
5.881549877447216357e-01 2.302260780334472656e+01 1.541695296764373779e-01
1.022152400319427779e+00 2.482955169677734375e+01 1.757526695728302002e-01
6.561656090795662255e-01 2.330577087402343750e+01 1.575517952442169189e-01
6.373678870346879410e-01 2.322750663757324219e+01 1.566164791584014893e-01
1.926671085728888233e-01 2.043446350097656250e+01 1.314271390438079834e-01
2.097078513528760624e-01 2.073954010009765625e+01 1.330389082431793213e-01
1.509556012236593414e+00 2.685886192321777344e+01 1.999917328357696533e-01
1.453793488970603898e+00 2.662668991088867188e+01 1.972191035747528076e-01
1.081868924540723809e+00 2.507818412780761719e+01 1.787224709987640381e-01
5.666787823242895872e-01 2.293319129943847656e+01 1.531014144420623779e-01
3.880532718248803636e-01 2.218948554992675781e+01 1.442180573940277100e-01
1.819813695463226466e+00 2.815060997009277344e+01 2.154215872287750244e-01
1.196057634992344409e+00 2.555360984802246094e+01 1.844014227390289307e-01
1.591385010624863705e+00 2.719955253601074219e+01 2.040618956089019775e-01
1.793245490038602785e+00 2.803999519348144531e+01 2.141005098819732666e-01
3.602530967688268859e-01 2.207373809814453125e+01 1.428354680538177490e-01
5.060069268454550073e-01 2.268058204650878906e+01 1.500841677188873291e-01
1.327901161382889494e+00 2.610254096984863281e+01 1.909582316875457764e-01
3.273233421874230942e-01 2.193663597106933594e+01 1.411980092525482178e-01
1.215835429367384313e+00 2.563595199584960938e+01 1.853848397731781006e-01
5.408463166266728184e-01 2.282563781738281250e+01 1.518162190914154053e-01
1.545929336777717822e+00 2.701029777526855469e+01 2.018009722232818604e-01
1.688539546667640501e+00 2.760405349731445312e+01 2.088930904865264893e-01
3.774423139700779917e-01 2.214530754089355469e+01 1.436904370784759521e-01
1.422679249260091927e+00 2.649714469909667969e+01 1.956717073917388916e-01
3.769343920119130331e-01 2.214319229125976562e+01 1.436654031276702881e-01
5.153167247070897794e-01 2.271934700012207031e+01 1.505468785762786865e-01
1.386426542481506319e+00 2.634620857238769531e+01 1.938687264919281006e-01
1.835708724812507464e+00 2.821679306030273438e+01 2.162118852138519287e-01
1.947170989716970668e+00 2.868086433410644531e+01 2.217552363872528076e-01
4.435789660463953510e-01 2.242066383361816406e+01 1.469795405864715576e-01
1.810479962900966022e+00 2.811174964904785156e+01 2.149577438831329346e-01
3.923277252465666720e-01 2.220728111267089844e+01 1.444304287433624268e-01
1.976828692028948620e+00 2.880434608459472656e+01 2.232302725315093994e-01
5.016345817991614275e-01 2.266238021850585938e+01 1.498663723468780518e-01
8.821278013966442622e-01 2.424656105041503906e+01 1.687891781330108643e-01
8.019847355396945154e-01 2.391288566589355469e+01 1.648036539554595947e-01
9.161957243444465160e-01 2.438840293884277344e+01 1.704832017421722412e-01
1.035312814969982398e+00 2.488434600830078125e+01 1.764073073863983154e-01
6.582404236647747542e-01 2.331440925598144531e+01 1.576550304889678955e-01
2.319036217152172785e-01 2.113690948486328125e+01 1.351384222507476807e-01
1.636061977667680578e+00 2.738556480407714844e+01 2.062829434871673584e-01
5.818145260534219876e-01 2.299620628356933594e+01 1.538538038730621338e-01
1.989873705932589720e+00 2.885865592956542969e+01 2.238786518573760986e-01
1.882063964987489957e+00 2.840979194641113281e+01 2.185175120830535889e-01
1.673919828231300144e+00 2.754318809509277344e+01 2.081659138202667236e-01
5.381105115788595850e-01 2.281424713134765625e+01 1.516809165477752686e-01
1.569739734881154813e-01 1.979544830322265625e+01 1.280508339405059814e-01
1.966697715960620707e+00 2.876216316223144531e+01 2.227264344692230225e-01
1.780685805442509428e+00 2.798770713806152344e+01 2.134764492511749268e-01
5.253964472166965383e-01 2.276131248474121094e+01 1.510485708713531494e-01
1.007320522494091541e+00 2.476780128479003906e+01 1.750153601169586182e-01
1.917203128358200281e+00 2.855609703063964844e+01 2.202650606632232666e-01
1.769479450447303259e+00 2.794104957580566406e+01 2.129181325435638428e-01
1.175069151483459473e+00 2.546621894836425781e+01 1.833575069904327393e-01
6.615673420394689863e-01 2.332826042175292969e+01 1.578203141689300537e-01
9.687501440150283472e-01 2.460721206665039062e+01 1.730972826480865479e-01
2.197073283622481554e-01 2.091855812072753906e+01 1.339847743511199951e-01
1.642581966675660254e-01 1.992585754394531250e+01 1.287395060062408447e-01
1.554287723284514033e+00 2.704509925842285156e+01 2.022167742252349854e-01
9.382827211342412710e-01 2.448036003112792969e+01 1.715815365314483643e-01
9.084440243067071208e-02 1.817967414855957031e+01 1.234503760933876038e-01
8.046086457433001549e-01 2.392381095886230469e+01 1.649340689182281494e-01
8.900679454203319629e-02 1.812315940856933594e+01 1.233672872185707092e-01
7.456433837119877950e-01 2.367830848693847656e+01 1.620012819766998291e-01
1.348630255490075314e+00 2.618884086608886719e+01 1.919890344142913818e-01
8.216734753291625726e-01 2.399485969543457031e+01 1.657824814319610596e-01
8.723875745851192853e-01 2.420601272583007812e+01 1.683047115802764893e-01
1.138372600640963350e+00 2.531343460083007812e+01 1.815322935581207275e-01
2.502418244124859914e-01 2.146521759033203125e+01 1.368730366230010986e-01
1.032436382194608981e+00 2.487237358093261719e+01 1.762641966342926025e-01
1.606219534715214836e+00 2.726131629943847656e+01 2.047997415065765381e-01
1.577749748012587494e+00 2.714278221130371094e+01 2.033834159374237061e-01
1.289302370438660361e+00 2.594183158874511719e+01 1.890386044979095459e-01
8.534677531540209028e-01 2.412723541259765625e+01 1.673635542392730713e-01
1.102803494812956142e-01 1.877737045288085938e+01 1.243317499756813049e-01
7.221206522892409385e-01 2.358037376403808594e+01 1.608320176601409912e-01
1.443575531538099144e+00 2.658414649963378906e+01 1.967107355594635010e-01
1.463560867647353270e-01 1.960535621643066406e+01 1.270463168621063232e-01
1.410650088188207363e+00 2.644706535339355469e+01 1.950730383396148682e-01
1.288139925847500589e+00 2.593699836730957031e+01 1.889808475971221924e-01
5.511855506762046719e-01 2.286868476867675781e+01 1.523306667804718018e-01
1.618581923756178709e+00 2.731278800964355469e+01 2.054140269756317139e-01
1.912429310705654473e-02 1.597412490844726562e+01 1.201981976628303528e-01
1.581707378347239512e+00 2.715926170349121094e+01 2.035799324512481689e-01
9.308553512642110395e-01 2.444944000244140625e+01 1.712122261524200439e-01
1.957986377054868887e+00 2.872590065002441406e+01 2.222928702831268311e-01
9.895887123637083782e-01 2.469397544860839844e+01 1.741334497928619385e-01
1.582056132441131302e+00 2.716071128845214844e+01 2.035979330539703369e-01
3.754955354226421349e-01 2.213720130920410156e+01 1.435936987400054932e-01
1.835308436344652794e+00 2.821512413024902344e+01 2.161917388439178467e-01
9.934157701538246510e-01 2.470990943908691406e+01 1.743238270282745361e-01
1.886268936530379303e+00 2.842730140686035156e+01 2.187269032001495361e-01
1.852721615000278987e+00 2.828762817382812500e+01 2.170577943325042725e-01
9.282441835007526620e-02 1.824056053161621094e+01 1.235401108860969543e-01
1.662016711979578343e+00 2.749362564086914062e+01 2.075742781162261963e-01
9.141603716301984761e-01 2.437993049621582031e+01 1.703821718692779541e-01
1.383464304570661163e+00 2.633387565612792969e+01 1.937215030193328857e-01
1.333008263443917096e+00 2.612379837036132812e+01 1.912118494510650635e-01
6.668364812040370460e-01 2.335019683837890625e+01 1.580825150012969971e-01
2.836686807984478698e-01 2.175488090515136719e+01 1.390269696712493896e-01
1.584693376659912278e+00 2.717169761657714844e+01 2.037297189235687256e-01
1.820068093725502045e-01 2.024361228942871094e+01 1.304186284542083740e-01
7.733018602971197808e-02 1.776408195495605469e+01 1.228374913334846497e-01
1.012740366326960517e+00 2.479036521911621094e+01 1.752846539020538330e-01
5.192468728200632100e-01 2.273570823669433594e+01 1.507425010204315186e-01
2.400426212824426919e-01 2.128262138366699219e+01 1.359081566333770752e-01
1.298207634157518386e+00 2.597890853881835938e+01 1.894813477993011475e-01
1.585962439824075698e-01 1.982449340820312500e+01 1.282040178775787354e-01
1.954522237635164528e+00 2.871146965026855469e+01 2.221210300922393799e-01
1.329499257286216096e+00 2.610919380187988281e+01 1.910376846790313721e-01
9.116654092519826946e-03 1.566636943817138672e+01 1.197445467114448547e-01
2.537507313906608442e-01 2.152803802490234375e+01 1.372052729129791260e-01
1.162519623949520797e+00 2.541397285461425781e+01 1.827336251735687256e-01
1.627453978824777270e+00 2.734972572326660156e+01 2.058549225330352783e-01
1.835612429656164890e+00 2.821639633178710938e+01 2.162072956562042236e-01
1.649967934052801954e+00 2.744346046447753906e+01 2.069748938083648682e-01
1.368223963707259738e+00 2.627042198181152344e+01 1.929634511470794678e-01
1.997675547681371899e+00 2.889114189147949219e+01 2.242670357227325439e-01
6.254686071561077476e-01 2.317796134948730469e+01 1.560252010822296143e-01
7.865861411097947453e-01 2.384877586364746094e+01 1.640379130840301514e-01
1.941895109082218518e+00 2.865890502929687500e+01 2.214929163455963135e-01
5.551753880494234572e-01 2.288529396057128906e+01 1.525294482707977295e-01
8.522170142033125284e-01 2.412203025817871094e+01 1.673014461994171143e-01
1.390980319490538353e+00 2.636516952514648438e+01 1.940947473049163818e-01
1.534261338201374780e+00 2.696172142028808594e+01 2.012207806110382080e-01
2.945129706742730669e-01 2.180002784729003906e+01 1.395659744739532471e-01
6.143376310332213652e-01 2.313161659240722656e+01 1.554711759090423584e-01
1.102099587015591187e+00 2.516241264343261719e+01 1.797284185886383057e-01
1.080364368538384801e+00 2.507191848754882812e+01 1.786476075649261475e-01
2.915985538078851302e-01 2.178789329528808594e+01 1.394212543964385986e-01
1.808309747972465908e+00 2.810271835327148438e+01 2.148495018482208252e-01
6.264500289457741733e-01 2.318205070495605469e+01 1.560741961002349854e-01
1.294388436335017101e+00 2.596300697326660156e+01 1.892916858196258545e-01
9.566349552365545073e-01 2.455677223205566406e+01 1.724944412708282471e-01
9.421304453843637461e-01 2.449638175964355469e+01 1.717730462551116943e-01
1.977884943852231014e+00 2.880874252319335938e+01 2.232826054096221924e-01
3.668485082783745632e-01 2.210119819641113281e+01 1.431634724140167236e-01
1.444699542035987605e-01 1.957159233093261719e+01 1.268675625324249268e-01
1.304265894061185094e-03 1.542609596252441406e+01 1.194080486893653870e-01
8.440477283371163875e-01 2.408801651000976562e+01 1.668952405452728271e-01
1.176286919460347136e+00 2.547129249572753906e+01 1.834182441234588623e-01
1.126013096801248281e-01 1.884874153137207031e+01 1.244371905922889709e-01
8.733614965355365189e-01 2.421006393432617188e+01 1.683526933193206787e-01
1.991793362550589919e+00 2.886665344238281250e+01 2.239746153354644775e-01
4.369428304201434798e-01 2.239303588867187500e+01 1.466493904590606689e-01
1.836869771599087597e+00 2.822163009643554688e+01 2.162701189517974854e-01
1.421739691966810604e+00 2.649323463439941406e+01 1.956250965595245361e-01
8.644846584668437472e-01 2.417310333251953125e+01 1.679114997386932373e-01
7.856341809805833520e-01 2.384480857849121094e+01 1.639901101589202881e-01
4.087657006322813480e-01 2.227572059631347656e+01 1.452482640743255615e-01
3.454016400203450132e-01 2.201190567016601562e+01 1.420972645282745361e-01
1.618269547023635679e+00 2.731148719787597656e+01 2.053981721401214600e-01
1.805660638685838482e+00 2.809168815612792969e+01 2.147175967693328857e-01
5.304874732309894370e-03 1.554913997650146484e+01 1.195778623223304749e-01
8.033438656369886743e-01 2.391854286193847656e+01 1.648709475994110107e-01
1.725795423911119952e+00 2.775917243957519531e+01 2.107458412647247314e-01
5.120690575286197532e-01 2.270582389831542969e+01 1.503853499889373779e-01
3.145917964827220636e-01 2.188362693786621094e+01 1.405644118785858154e-01
1.269779998830768086e+00 2.586055183410644531e+01 1.880675852298736572e-01
1.944526199844939462e+00 2.866985511779785156e+01 2.216238081455230713e-01
8.965461123416142986e-01 2.430659294128417969e+01 1.695061028003692627e-01
4.093438474657795645e-01 2.227812767028808594e+01 1.452766954898834229e-01
8.459796188864969757e-01 2.409605979919433594e+01 1.669913828372955322e-01
1.043330847740368883e+00 2.491773033142089844e+01 1.768058836460113525e-01
5.906915350566017686e-01 2.303316497802734375e+01 1.542954146862030029e-01
1.612624519705160742e+00 2.728798675537109375e+01 2.051177322864532471e-01
1.044323853173125594e+00 2.492186546325683594e+01 1.768553555011749268e-01
2.643894555446753003e-01 2.167461013793945312e+01 1.380679905414581299e-01
9.932807775991279176e-01 2.470934677124023438e+01 1.743170917034149170e-01
4.882484616273989886e-01 2.260664558410644531e+01 1.492004692554473877e-01
5.568008286812882179e-01 2.289206314086914062e+01 1.526099145412445068e-01
1.701369605295072418e+00 2.765747451782226562e+01 2.095313370227813721e-01
5.103286120608567789e-01 2.269857597351074219e+01 1.502990424633026123e-01
1.032647780479798438e-01 1.856162452697753906e+01 1.240138784050941467e-01
2.864324243102065459e-01 2.176638603210449219e+01 1.391644179821014404e-01
1.378521089137591638e+00 2.631329917907714844e+01 1.934756338596343994e-01
4.485963687838885328e-01 2.244155502319335938e+01 1.472289860248565674e-01
1.690087559879841717e+00 2.761049842834472656e+01 2.089701592922210693e-01
1.518887707593991498e+00 2.689770889282226562e+01 2.004562914371490479e-01
1.553555062732236980e-01 1.976647377014160156e+01 1.278974711894989014e-01
1.317175419741925202e+00 2.605788612365722656e+01 1.904244124889373779e-01
1.683350526106737410e+00 2.758244895935058594e+01 2.086353600025177002e-01
1.275989163678373561e+00 2.588640403747558594e+01 1.883765161037445068e-01
1.681879226098702329e+00 2.757632637023925781e+01 2.085622847080230713e-01
1.848891127855339045e+00 2.827167892456054688e+01 2.168678343296051025e-01
7.395992655103276192e-01 2.365314483642578125e+01 1.617009937763214111e-01
7.294507513490255945e-03 1.561033153533935547e+01 1.196631565690040588e-01
3.493005639287969366e-01 2.202813529968261719e+01 1.422908604145050049e-01
2.506271535598372235e-01 2.147211265563964844e+01 1.369099915027618408e-01
1.261383835734267933e+00 2.582559394836425781e+01 1.876499950885772705e-01
4.595385757331178489e-01 2.248711395263671875e+01 1.477731764316558838e-01
9.613367825846128589e-01 2.457634925842285156e+01 1.727280318737030029e-01
4.405466937833923957e-01 2.240803909301757812e+01 1.468288004398345947e-01
5.315709643359982639e-01 2.278701972961425781e+01 1.513554751873016357e-01
1.748016025603099433e+00 2.785168457031250000e+01 2.118508517742156982e-01
4.979480387354591198e-01 2.264702987670898438e+01 1.496835052967071533e-01
6.302244778242329648e-01 2.319776344299316406e+01 1.562612950801849365e-01
1.677331862903542969e+00 2.755739021301269531e+01 2.083359062671661377e-01
8.053789814979732675e-01 2.392701911926269531e+01 1.649719774723052979e-01
1.428054030821239051e+00 2.651952552795410156e+01 1.959383785724639893e-01
8.077925247114274843e-01 2.393706703186035156e+01 1.650922596454620361e-01
3.491080177150160946e-01 2.202733612060546875e+01 1.422812044620513916e-01
1.925690015561200674e+00 2.859142875671386719e+01 2.206870615482330322e-01
1.172335809262013528e+00 2.545483970642089844e+01 1.832216084003448486e-01
4.165235492238128501e-02 1.666691017150878906e+01 1.212199106812477112e-01
1.446297661423308289e+00 2.659547996520996094e+01 1.968459784984588623e-01
1.723887574322829463e+00 2.775122261047363281e+01 2.106508910655975342e-01
1.858333287995008742e-01 2.031211662292480469e+01 1.307804286479949951e-01
1.547394586644528003e+00 2.701640129089355469e+01 2.018738090991973877e-01
4.528854014180359044e-01 2.245941162109375000e+01 1.474421918392181396e-01
8.202163323199100908e-01 2.398879432678222656e+01 1.657098233699798584e-01
1.798885921111832431e+00 2.806348037719726562e+01 2.143814861774444580e-01
5.705241971671104473e-02 1.714049720764160156e+01 1.219181194901466370e-01
1.409575799884720482e+00 2.644259071350097656e+01 1.950199306011199951e-01
1.997801705152677521e-01 2.056180381774902344e+01 1.320998370647430420e-01
7.939687815477678434e-01 2.387951469421386719e+01 1.644048988819122314e-01
4.445846291627710833e-01 2.242485237121582031e+01 1.470295488834381104e-01
1.498131338024373260e-01 1.966724967956542969e+01 1.273734271526336670e-01
1.290132886951476321e+00 2.594529151916503906e+01 1.890797317028045654e-01
4.107789354579309826e-01 2.228410148620605469e+01 1.453482806682586670e-01
1.215784885056653497e+00 2.563574028015136719e+01 1.853823363780975342e-01
9.011888414400437419e-02 1.815736198425292969e+01 1.234174147248268127e-01
6.695883798948072396e-01 2.336165618896484375e+01 1.582192480564117432e-01
9.084293639846505730e-01 2.435607147216796875e+01 1.700975596904754639e-01
1.537344621148442281e+00 2.697455787658691406e+01 2.013734281063079834e-01
2.645172157595676588e-02 1.619946098327636719e+01 1.205305233597755432e-01
1.385960575790613714e+00 2.634427070617675781e+01 1.938454806804656982e-01
1.127505592766290921e+00 2.526819038391113281e+01 1.809920966625213623e-01
2.691648151083823048e-01 2.169449234008789062e+01 1.383055150508880615e-01
1.197141684848257226e+00 2.555811882019042969e+01 1.844552457332611084e-01
9.858526096877051614e-01 2.467842102050781250e+01 1.739474833011627197e-01
1.662753853467164200e+00 2.749669456481933594e+01 2.076106369495391846e-01
1.217619044290749519e+00 2.564338302612304688e+01 1.854736506938934326e-01
5.700245414610956018e-01 2.294712257385253906e+01 1.532678902149200439e-01
1.559985123031851995e+00 2.706881904602050781e+01 2.024998366832733154e-01
5.118679468871771832e-01 2.270498466491699219e+01 1.503755748271942139e-01
5.269546337003927494e-01 2.276779747009277344e+01 1.511259973049163818e-01
4.301172377827122695e-01 2.236461830139160156e+01 1.463098824024200439e-01
1.350174737427505711e+00 2.619527244567871094e+01 1.920657455921173096e-01
1.044248059090234992e+00 2.492154884338378906e+01 1.768516004085540771e-01
9.363968303516421177e-01 2.447250938415527344e+01 1.714880764484405518e-01
1.506185262345017373e+00 2.684482383728027344e+01 1.998243033885955811e-01
8.985731924579090091e-01 2.431503105163574219e+01 1.696070730686187744e-01
1.839901384988119393e+00 2.823424911499023438e+01 2.164205014705657959e-01
5.730176967793247922e-01 2.295958518981933594e+01 1.534166038036346436e-01
1.735686179202734047e+00 2.780035018920898438e+01 2.112385332584381104e-01
7.509384125643372432e-01 2.370035743713378906e+01 1.622648537158966064e-01
1.364075220826612256e+00 2.625314521789550781e+01 1.927576959133148193e-01
1.564472319225072239e+00 2.708749961853027344e+01 2.027237713336944580e-01
1.713324324659852849e-01 2.005250740051269531e+01 1.294089257717132568e-01
1.146520885100407838e+00 2.534736061096191406e+01 1.819382011890411377e-01
1.338326031121723769e+00 2.614594078063964844e+01 1.914764344692230225e-01
6.253227783653452221e-01 2.317735671997070312e+01 1.560178101062774658e-01
1.861343063746611959e+00 2.832351875305175781e+01 2.174871265888214111e-01
1.614004990869648548e+00 2.729373359680175781e+01 2.051865756511688232e-01
4.472725581981440435e-02 1.676147079467773438e+01 1.213591769337654114e-01
9.981975316249322994e-01 2.472981643676757812e+01 1.745612919330596924e-01
1.873490637839640982e+00 2.837409973144531250e+01 2.180915176868438721e-01
2.992927772145601573e-01 2.181993103027343750e+01 1.398037970066070557e-01
1.251837182761721845e+00 2.578584289550781250e+01 1.871750652790069580e-01
1.630127626925974127e+00 2.736085700988769531e+01 2.059879004955291748e-01
1.582038896722852694e-01 1.981746864318847656e+01 1.281670033931732178e-01
3.172277086832779869e-01 2.189460182189941406e+01 1.406953632831573486e-01
1.399575985023761238e+00 2.640095710754394531e+01 1.945231258869171143e-01
5.020363474221452016e-01 2.266405296325683594e+01 1.498867571353912354e-01
1.116934357839767467e+00 2.522418212890625000e+01 1.804662048816680908e-01
1.884873997913031118e+00 2.842149925231933594e+01 2.186571657657623291e-01
1.409350963951028879e+00 2.644165611267089844e+01 1.950089633464813232e-01
8.332785549790935331e-01 2.404317855834960938e+01 1.663595736026763916e-01
9.484565532364317431e-01 2.452272224426269531e+01 1.720878183841705322e-01
1.214732745065527642e-01 1.912157440185546875e+01 1.248390451073646545e-01
5.879207570468505395e-01 2.302163505554199219e+01 1.541579067707061768e-01
1.092435420895013110e+00 2.512217521667480469e+01 1.792478263378143311e-01
8.323934461380013694e-01 2.403949356079101562e+01 1.663160622119903564e-01
8.665524602355922923e-01 2.418171119689941406e+01 1.680140793323516846e-01
1.347309506867627071e+00 2.618334388732910156e+01 1.919234693050384521e-01
4.797772367021890805e-01 2.257137489318847656e+01 1.487793624401092529e-01
1.139770583332985421e+00 2.531925773620605469e+01 1.816019713878631592e-01
1.202996153190294182e+00 2.558249664306640625e+01 1.847467124462127686e-01
1.907567421165812460e+00 2.851597785949707031e+01 2.197856009006500244e-01
6.793337875639908763e-01 2.340223121643066406e+01 1.587036550045013428e-01
7.998780337388518014e-01 2.390411567687988281e+01 1.646985113620758057e-01
6.748657410041327687e-01 2.338363075256347656e+01 1.584816277027130127e-01
6.719950321812595551e-01 2.337167167663574219e+01 1.583392918109893799e-01
1.851886508870976167e+00 2.828414916992187500e+01 2.170167267322540283e-01
1.388547067000854840e+00 2.635504150390625000e+01 1.939740478992462158e-01
1.495940301667461725e+00 2.680216789245605469e+01 1.993151009082794189e-01
5.224404792241879036e-01 2.274900436401367188e+01 1.509015262126922607e-01
1.703013292165181936e+00 2.766431808471679688e+01 2.096131145954132080e-01
1.677617251171480417e+00 2.755857658386230469e+01 2.083498537540435791e-01
6.274702288354250257e-01 2.318629837036132812e+01 1.561247408390045166e-01
1.914479204807735480e+00 2.854475784301757812e+01 2.201298773288726807e-01
6.710917822410542577e-01 2.336791419982910156e+01 1.582941710948944092e-01
1.529676384784577348e+00 2.694263267517089844e+01 2.009932696819305420e-01
4.669223080823547978e-01 2.251785469055175781e+01 1.481403410434722900e-01
3.175078060683012016e-01 2.189576911926269531e+01 1.407097280025482178e-01
6.657348607391091466e-01 2.334561347961425781e+01 1.580275595188140869e-01
1.349587075561439420e+00 2.619282722473144531e+01 1.920373141765594482e-01
1.104391048761113492e+00 2.517195320129394531e+01 1.798425018787384033e-01
1.408925765384809070e+00 2.643988609313964844e+01 1.949878633022308350e-01
5.632598374539656838e-01 2.291895866394042969e+01 1.529314815998077393e-01
6.346840456338831427e-01 2.321633148193359375e+01 1.564836800098419189e-01
1.182379311183027637e+00 2.549665641784667969e+01 1.837213337421417236e-01
8.977452472066123068e-01 2.431158256530761719e+01 1.695657074451446533e-01
1.317083699645751560e+00 2.605750083923339844e+01 1.904200017452239990e-01
1.512636447359339220e+00 2.687167930603027344e+01 2.001451551914215088e-01
2.838664396724901451e-01 2.175570297241210938e+01 1.390365064144134521e-01
1.732203632624776724e+00 2.778585243225097656e+01 2.110642492771148682e-01
1.731532190602695920e+00 2.778305435180664062e+01 2.110312283039093018e-01
5.166991243490683949e-01 2.272510147094726562e+01 1.506157815456390381e-01
3.196953086133345057e-01 2.190487480163574219e+01 1.408185064792633057e-01
1.378920073713505667e+00 2.631495666503906250e+01 1.934956610202789307e-01
9.991213154558309384e-02 1.845852088928222656e+01 1.238614693284034729e-01
4.954235514711458066e-01 2.263651847839355469e+01 1.495577394962310791e-01
9.222685257729734687e-01 2.441368675231933594e+01 1.707852184772491455e-01
4.559328569542118181e-01 2.247210121154785156e+01 1.475939452648162842e-01
2.145669581222720002e-01 2.082653236389160156e+01 1.334986388683319092e-01
1.423619632882875630e+00 2.650106239318847656e+01 1.957183778285980225e-01
1.363064360417630905e+00 2.624893760681152344e+01 1.927070319652557373e-01
3.877837680361697625e-01 2.218836212158203125e+01 1.442042887210845947e-01
8.481487470188495692e-01 2.410508918762207031e+01 1.670990884304046631e-01
1.979856117418071992e+00 2.881694984436035156e+01 2.233802378177642822e-01
1.682138964423313787e+00 2.757740211486816406e+01 2.085749208927154541e-01
6.135729663742526263e-01 2.312843322753906250e+01 1.554335057735443115e-01
3.220443337969540742e-01 2.191465568542480469e+01 1.409353315830230713e-01
1.979644120307844091e-01 2.052929878234863281e+01 1.319283545017242432e-01
7.172485603833183010e-01 2.356008529663085938e+01 1.605896055698394775e-01
3.789991384005220176e-01 2.215178680419921875e+01 1.437677443027496338e-01
1.525372106938992056e+00 2.692470741271972656e+01 2.007782757282257080e-01
3.945941831183990001e-01 2.221671485900878906e+01 1.445435583591461182e-01
1.695910454469364392e+00 2.763474273681640625e+01 2.092601954936981201e-01
1.701061909131231786e+00 2.765619277954101562e+01 2.095163166522979736e-01
1.198464082584807189e+00 2.556362724304199219e+01 1.845209300518035889e-01
1.442011395854162714e+00 2.657763481140136719e+01 1.966330111026763916e-01
1.984443700717150927e+00 2.883605384826660156e+01 2.236087620258331299e-01
2.058898953040722013e-02 1.601916885375976562e+01 1.202645674347877502e-01
1.327804851053973501e+00 2.610213470458984375e+01 1.909536421298980713e-01
1.714791458949934011e+00 2.771335411071777344e+01 2.101986706256866455e-01
9.041644950769989197e-01 2.433831405639648438e+01 1.698850691318511963e-01
3.936989408315416661e-01 2.221299171447753906e+01 1.444987952709197998e-01
1.485888423304149164e-01 1.964533042907714844e+01 1.272574365139007568e-01
3.952235556859255983e-01 2.221933937072753906e+01 1.445750296115875244e-01
4.042018328008587513e-01 2.225671958923339844e+01 1.450210511684417725e-01
4.785361148095832462e-01 2.256620979309082031e+01 1.487177908420562744e-01
8.368449330211280568e-01 2.405802536010742188e+01 1.665371954441070557e-01
3.756340274129410517e-03 1.550151348114013672e+01 1.195115819573402405e-01
1.397950391063118580e-02 1.581591129302978516e+01 1.199651136994361877e-01
1.349936954858374172e+00 2.619428443908691406e+01 1.920539438724517822e-01
5.641161769470610654e-01 2.292252159118652344e+01 1.529738008975982666e-01
1.805710583211107112e+00 2.809189796447753906e+01 2.147200405597686768e-01
8.758998100961965516e-01 2.422063255310058594e+01 1.684792339801788330e-01
8.142439290878880076e-01 2.396392822265625000e+01 1.654135286808013916e-01
1.047960840119720904e+00 2.493700981140136719e+01 1.770361363887786865e-01
1.678048105633431764e-01 1.998935317993164062e+01 1.290749609470367432e-01
1.173602236063691517e+00 2.546011543273925781e+01 1.832843124866485596e-01
5.694823585286565848e-01 2.294486618041992188e+01 1.532413661479949951e-01
1.069696186621237111e+00 2.502750396728515625e+01 1.781173646450042725e-01
2.431002551287231306e-02 1.613359832763671875e+01 1.204332485795021057e-01
1.071521842967430027e+00 2.503510475158691406e+01 1.782080233097076416e-01
6.017185443147561319e-01 2.307907867431640625e+01 1.548438370227813721e-01
1.649473422521452237e+00 2.744140052795410156e+01 2.069505751132965088e-01
1.274542069962457447e+00 2.588037681579589844e+01 1.883049309253692627e-01
1.915753574056808572e+00 2.855006027221679688e+01 2.201937139034271240e-01
1.992762933461913244e+00 2.887068367004394531e+01 2.240230143070220947e-01
1.709669292522777662e+00 2.769202995300292969e+01 2.099439203739166260e-01
1.502187601728713684e+00 2.682817649841308594e+01 1.996254026889801025e-01
1.402285958617937700e+00 2.641224098205566406e+01 1.946574747562408447e-01
1.966530916919857264e+00 2.876147270202636719e+01 2.227181494235992432e-01
1.840518088760441096e-01 2.028022193908691406e+01 1.306120455265045166e-01
1.500837122788209133e+00 2.682255363464355469e+01 1.995581686496734619e-01
3.516230304124094985e-01 2.203780746459960938e+01 1.424064934253692627e-01
1.353938975739706230e+00 2.621094512939453125e+01 1.922532021999359131e-01
6.472565493495210376e-01 2.326867675781250000e+01 1.571086943149566650e-01
6.133767365998243903e-01 2.312761688232421875e+01 1.554236710071563721e-01
1.386748644642643580e-01 1.946784210205078125e+01 1.263195574283599854e-01
4.669724308779157340e-01 2.251806449890136719e+01 1.481426656246185303e-01
1.225983871015849713e+00 2.567820358276367188e+01 1.858892738819122314e-01
3.122632983397000128e-01 2.187393379211425781e+01 1.404490768909454346e-01
1.781739175613254567e+00 2.799208641052246094e+01 2.135279476642608643e-01
9.319152435126938361e-01 2.445385360717773438e+01 1.712649166584014893e-01
6.800676588042195991e-01 2.340528678894042969e+01 1.587400734424591064e-01
3.710254070386416192e-01 2.211858749389648438e+01 1.433713138103485107e-01
1.261257715955209635e+00 2.582506942749023438e+01 1.876433193683624268e-01
7.580365936562154516e-01 2.372990798950195312e+01 1.626177728176116943e-01
1.907784927709948120e+00 2.851688003540039062e+01 2.197968065738677979e-01
1.069267409366250865e+00 2.502571487426757812e+01 1.780957281589508057e-01
5.813154658676369380e-01 2.299412918090820312e+01 1.538293659687042236e-01
1.107799917578616844e+00 2.518614768981933594e+01 1.800120770931243896e-01
1.062418865450562189e+00 2.499720382690429688e+01 1.777550280094146729e-01
7.859786348721087279e-03 1.562771892547607422e+01 1.196875348687171936e-01
8.589612886008575199e-01 2.415010643005371094e+01 1.676371395587921143e-01
1.481063525231425260e+00 2.674023246765136719e+01 1.985751092433929443e-01
7.804142499792039445e-01 2.382307624816894531e+01 1.637301743030548096e-01
1.463228633177825921e+00 2.666597557067871094e+01 1.976880133152008057e-01
1.706593454560956236e-01 2.004045677185058594e+01 1.293452680110931396e-01
1.356578381105297826e+00 2.622193717956542969e+01 1.923843920230865479e-01
1.110949242108191903e+00 2.519925880432128906e+01 1.801687180995941162e-01
1.349378668585328622e+00 2.619196128845214844e+01 1.920258700847625732e-01
6.466199747084084848e-01 2.326602363586425781e+01 1.570768058300018311e-01
6.470524659568779313e-01 2.326782798767089844e+01 1.570986807346343994e-01
1.239250313785660751e+00 2.573344230651855469e+01 1.865490972995758057e-01
8.935169317152507062e-01 2.429398155212402344e+01 1.693550646305084229e-01
3.034449293315091278e-01 2.183721733093261719e+01 1.400106251239776611e-01
1.426609660773278110e+00 2.651350784301757812e+01 1.958670914173126221e-01
4.540919476753899620e-01 2.246443367004394531e+01 1.475022733211517334e-01
1.034438705096030642e+00 2.488070678710937500e+01 1.763634383678436279e-01
5.339045335319529961e-01 2.279673767089843750e+01 1.514715850353240967e-01
1.665920716155313341e+00 2.750988388061523438e+01 2.077687084674835205e-01
5.969530961687063986e-01 2.305923652648925781e+01 1.546069085597991943e-01
1.414063131427702569e+00 2.646127128601074219e+01 1.952427923679351807e-01
4.687440029549740927e-01 2.252544212341308594e+01 1.482311785221099854e-01
9.186273906497286479e-01 2.439853096008300781e+01 1.706041991710662842e-01
1.990017035030787085e+00 2.885925674438476562e+01 2.238858640193939209e-01
1.502081038016331416e+00 2.682773780822753906e+01 1.996205151081085205e-01
1.147456347463666537e+00 2.535125923156738281e+01 1.819842159748077393e-01
1.203667189380320801e+00 2.558529090881347656e+01 1.847794950008392334e-01
7.075480383051528932e-01 2.351970100402832031e+01 1.601072251796722412e-01
1.211839499643355467e+00 2.561931228637695312e+01 1.851863563060760498e-01
8.085297521462344594e-01 2.394013977050781250e+01 1.651292741298675537e-01
6.048413622012365209e-01 2.309208106994628906e+01 1.549991667270660400e-01
4.872186380385834514e-01 2.260235977172851562e+01 1.491495668888092041e-01
2.972619255912114511e-01 2.181147575378417969e+01 1.397027671337127686e-01
2.712322352981624274e-01 2.170310020446777344e+01 1.384082138538360596e-01
9.178380901147475956e-01 2.439524269104003906e+01 1.705650985240936279e-01
1.508567120355793323e+00 2.685473823547363281e+01 1.999427974224090576e-01
1.290909651950220782e+00 2.594852256774902344e+01 1.891181766986846924e-01
1.648486439916951207e+00 2.743729591369628906e+01 2.069015800952911377e-01
3.917674529433565755e-01 2.220495033264160156e+01 1.444027721881866455e-01
5.316703432506388882e-01 2.278743171691894531e+01 1.513600051403045654e-01
1.890362090533632689e-01 2.036945724487304688e+01 1.310839354991912842e-01
3.285605201037333778e-02 1.639640617370605469e+01 1.208207383751869202e-01
1.741277869980615733e+00 2.782362747192382812e+01 2.115162909030914307e-01
1.780201470147520393e+00 2.798568916320800781e+01 2.134515941143035889e-01
7.124993745441772219e-01 2.354031372070312500e+01 1.603536307811737061e-01
1.031621923339994362e+00 2.486898231506347656e+01 1.762233674526214600e-01
6.970792433786665576e-01 2.347611427307128906e+01 1.595863401889801025e-01
3.444750043179605203e-01 2.200804710388183594e+01 1.420508325099945068e-01
1.678867492072672496e+00 2.756378173828125000e+01 2.084119021892547607e-01
1.083287314972966264e+00 2.508408927917480469e+01 1.787931621074676514e-01
1.780809355276875339e+00 2.798822593688964844e+01 2.134823501110076904e-01
6.331480759584606766e-01 2.320993614196777344e+01 1.564071476459503174e-01
6.055955859007000619e-02 1.724834823608398438e+01 1.220772638916969299e-01
1.606361598800380097e+00 2.726190376281738281e+01 2.048067152500152588e-01
1.507170967102215986e+00 2.684892845153808594e+01 1.998734772205352783e-01
1.006198504360033885e+00 2.476313209533691406e+01 1.749595701694488525e-01
1.829324101005858516e+00 2.819020843505859375e+01 2.158949077129364014e-01
1.527626803320927484e+00 2.693409538269042969e+01 2.008903324604034424e-01
6.391391776082113729e-01 2.323487854003906250e+01 1.567048132419586182e-01
8.381591190340922370e-01 2.406350135803222656e+01 1.666026413440704346e-01
1.103322200139659204e+00 2.516750526428222656e+01 1.797890365123748779e-01
1.834605465598682539e+00 2.821220397949218750e+01 2.161574065685272217e-01
5.294366067309896895e-01 2.277813529968261719e+01 1.512492001056671143e-01
1.429535565627267024e+00 2.652569580078125000e+01 1.960124075412750244e-01
1.944317776318915003e+00 2.866898345947265625e+01 2.216137945652008057e-01
9.797288526545206988e-01 2.465292549133300781e+01 1.736429631710052490e-01
1.439858284493878093e+00 2.656867218017578125e+01 1.965257227420806885e-01
8.682069294785521585e-02 1.805593299865722656e+01 1.232678666710853577e-01
1.813740417523954651e-01 2.023228263854980469e+01 1.303589046001434326e-01
1.910022244145235470e+00 2.852620124816894531e+01 2.199075520038604736e-01
1.672333717630458461e+00 2.753658294677734375e+01 2.080873548984527588e-01
1.765370819827106308e+00 2.792393875122070312e+01 2.127143442630767822e-01
1.771860046475592254e+00 2.795096015930175781e+01 2.130372822284698486e-01
4.461253578295765188e-01 2.243126869201660156e+01 1.471061408519744873e-01
1.852486881929130691e+00 2.828664970397949219e+01 2.170465290546417236e-01
1.441926126773120043e+00 2.657728385925292969e+01 1.966287195682525635e-01
5.938903032752236300e-01 2.304648780822753906e+01 1.544547975063323975e-01
7.850472330301156987e-01 2.384236717224121094e+01 1.639612019062042236e-01
6.032696284435532519e-01 2.308553886413574219e+01 1.549210846424102783e-01
1.578670257321670212e+00 2.714661598205566406e+01 2.034290730953216553e-01
1.673627256082323989e-01 1.998143768310546875e+01 1.290332376956939697e-01
1.345679533914672321e+00 2.617655754089355469e+01 1.918426454067230225e-01
4.344774977975696117e-01 2.238276863098144531e+01 1.465266644954681396e-01
1.652805769372572620e+00 2.745527839660644531e+01 2.071164548397064209e-01
5.301260247293937411e-02 1.701626396179199219e+01 1.217347756028175354e-01
2.953774119672480936e-02 1.629436302185058594e+01 1.206701174378395081e-01
1.858023288603108059e+00 2.830970191955566406e+01 2.173216640949249268e-01
1.514312048412305600e+00 2.687866020202636719e+01 2.002286016941070557e-01
2.084651854869035148e-01 2.071729278564453125e+01 1.329213678836822510e-01
1.227825049755866704e+00 2.568587303161621094e+01 1.859809458255767822e-01
2.576893792940531114e-01 2.159855079650878906e+01 1.375775635242462158e-01
6.234814304726461476e-01 2.316968727111816406e+01 1.559259593486785889e-01
6.006650861045956802e-01 2.307469177246093750e+01 1.547916233539581299e-01
1.442252142463855691e-01 1.956720924377441406e+01 1.268445551395416260e-01
1.802323004451651389e+00 2.807779121398925781e+01 2.145520150661468506e-01
1.831149307868324305e+00 2.819781112670898438e+01 2.159859240055084229e-01
3.108399961735597294e-02 1.634191322326660156e+01 1.207405701279640198e-01
1.880789832089734048e+00 2.840449333190917969e+01 2.184541523456573486e-01
8.140331985490960598e-01 2.396305274963378906e+01 1.654029190540313721e-01
9.907800160500874753e-01 2.469893455505371094e+01 1.741926968097686768e-01
4.732195112817616511e-02 1.684126281738281250e+01 1.214768663048744202e-01
1.840822497765970178e+00 2.823808479309082031e+01 2.164664566516876221e-01
6.647409464206484042e-01 2.334147262573242188e+01 1.579782664775848389e-01
3.763927414360781487e-01 2.214093589782714844e+01 1.436380445957183838e-01
4.019506922978748342e-01 2.224734687805175781e+01 1.449091732501983643e-01
1.005201783349145339e+00 2.475898170471191406e+01 1.749095618724822998e-01
1.619011505990703537e+00 2.731457519531250000e+01 2.054351866245269775e-01
1.019334692274138865e+00 2.481781959533691406e+01 1.756125986576080322e-01
1.309833172284188052e+00 2.602731132507324219e+01 1.900600492954254150e-01
1.382866999193044233e-01 1.946089172363281250e+01 1.262827813625335693e-01
3.192338462329067372e-01 2.190295600891113281e+01 1.407956182956695557e-01
5.480388495547903194e-01 2.285558509826660156e+01 1.521743834018707275e-01
1.242957911556627160e+00 2.574887466430664062e+01 1.867336332798004150e-01
1.121736944463097352e+00 2.524417495727539062e+01 1.807053387165069580e-01
1.412616634083783129e-01 1.951415443420410156e+01 1.265642940998077393e-01
1.433259300276258807e+00 2.654119300842285156e+01 1.961980760097503662e-01
1.441087240385829915e-02 1.582917785644531250e+01 1.199843361973762512e-01
6.711033646999606805e-01 2.336796188354492188e+01 1.582947075366973877e-01
1.767566614524728186e+00 2.793308448791503906e+01 2.128235399723052979e-01
1.674872414148698141e-01 1.998366928100585938e+01 1.290452182292938232e-01
3.598485118919931836e-01 2.207205390930175781e+01 1.428153216838836670e-01
2.065376964449774366e-01 2.068278312683105469e+01 1.327389776706695557e-01
1.269444229818805780e-02 1.577639293670654297e+01 1.199066415429115295e-01
2.982077029442318228e-01 2.181541252136230469e+01 1.397500932216644287e-01
2.428166770210165026e-01 2.133228492736816406e+01 1.361707746982574463e-01
1.934502321515175760e+00 2.862812614440917969e+01 2.211252152919769287e-01
2.366438195638440600e-01 2.122177314758300781e+01 1.355867087841033936e-01
2.966560129347812769e-01 2.180895233154296875e+01 1.396728456020355225e-01
1.240938019708107909e+00 2.574046707153320312e+01 1.866333782672882080e-01
3.359268887308408669e-01 2.197245407104492188e+01 1.416259706020355225e-01
1.523996584893910544e+00 2.691897773742675781e+01 2.007100880146026611e-01
1.033503828192561480e+00 2.487681388854980469e+01 1.763169467449188232e-01
4.268107329253507665e-01 2.235085105895996094e+01 1.461456120014190674e-01
5.293644157264365546e-01 2.277783012390136719e+01 1.512456238269805908e-01
1.180529484070442781e-01 1.901639366149902344e+01 1.246838942170143127e-01
2.754491729944201772e-01 2.172065734863281250e+01 1.386180222034454346e-01
8.695023124472185394e-01 2.419399642944335938e+01 1.681610643863677979e-01
1.222683631850293606e+00 2.566446495056152344e+01 1.857254803180694580e-01
1.416117811089357303e+00 2.646982765197753906e+01 1.953454315662384033e-01
8.568283167867425387e-01 2.414122962951660156e+01 1.675311028957366943e-01
1.169270978009613549e+00 2.544207954406738281e+01 1.830693781375885010e-01
1.903711733098909509e-01 2.039335632324218750e+01 1.312100589275360107e-01
1.971259552362087497e+00 2.878116035461425781e+01 2.229533493518829346e-01
1.958391020851955044e-01 2.049125099182128906e+01 1.317268311977386475e-01
1.559391277947483223e+00 2.706634712219238281e+01 2.024708092212677002e-01
2.644231870665298967e-01 2.167475128173828125e+01 1.380695998668670654e-01
6.490381530981605973e-01 2.327609443664550781e+01 1.571974456310272217e-01
1.521843202892933400e+00 2.691001319885253906e+01 2.006037533283233643e-01
7.067289832060177357e-01 2.351629066467285156e+01 1.600660979747772217e-01
3.687056527172609677e-01 2.210893058776855469e+01 1.432559788227081299e-01
2.400803618184881305e-01 2.128329658508300781e+01 1.359120905399322510e-01
1.453187697830649938e+00 2.662417030334472656e+01 1.971885263919830322e-01
7.189579935161141133e-01 2.356720542907714844e+01 1.606741249561309814e-01
1.126142587493912384e-01 1.884914207458496094e+01 1.244375482201576233e-01
1.794590362201636591e+00 2.804559707641601562e+01 2.141675055027008057e-01
6.349772341724710945e-01 2.321755027770996094e+01 1.564976871013641357e-01
1.960240152351540033e-01 2.049456024169921875e+01 1.317445337772369385e-01
1.492726990889476468e+00 2.678878784179687500e+01 1.991550624370574951e-01
6.734260970551548819e-01 2.337763404846191406e+01 1.584101617336273193e-01
1.483622381779638344e+00 2.675088310241699219e+01 1.987024843692779541e-01
8.215583539390287626e-01 2.399438095092773438e+01 1.657767593860626221e-01
9.861778597987675976e-01 2.467977142333984375e+01 1.739638149738311768e-01
1.109994459178043513e+00 2.519528579711914062e+01 1.801215708255767822e-01
1.356674781498357074e+00 2.622233963012695312e+01 1.923890411853790283e-01
1.893039310563794819e+00 2.845549392700195312e+01 2.190632522106170654e-01
1.447162548925057690e+00 2.659907913208007812e+01 1.968890130519866943e-01
1.078345445560172422e+00 2.506350898742675781e+01 1.785474717617034912e-01
1.981924393520745564e+00 2.882555961608886719e+01 2.234840095043182373e-01
1.686446677633949953e+00 2.759534072875976562e+01 2.087888419628143311e-01
9.606008647581707471e-01 2.457328414916992188e+01 1.726914346218109131e-01
5.345536607272989293e-01 2.279943847656250000e+01 1.515035927295684814e-01
1.594117164850320512e+00 2.721092796325683594e+01 2.041973173618316650e-01
7.363549386119518925e-01 2.363963890075683594e+01 1.615394651889801025e-01
1.974222641303508441e+00 2.879349708557128906e+01 2.231006324291229248e-01
1.157972175049599706e+00 2.539503860473632812e+01 1.825071871280670166e-01
4.433041725143418432e-01 2.241952133178710938e+01 1.469658911228179932e-01
7.666429316564256080e-01 2.376574134826660156e+01 1.630457937717437744e-01
1.823314234773368847e+00 2.816518783569335938e+01 2.155957520008087158e-01
1.905532791592868147e+00 2.850750541687011719e+01 2.196845114231109619e-01
1.835035893677577246e+00 2.821399116516113281e+01 2.161783874034881592e-01
1.270696341913224447e-01 1.926007652282714844e+01 1.252217590808868408e-01
1.137088508620257787e+00 2.530808830261230469e+01 1.814684569835662842e-01
1.174975292775108704e+00 2.546583175659179688e+01 1.833525002002716064e-01
1.433457097183773898e+00 2.654202079772949219e+01 1.962074339389801025e-01
1.620663444522473018e+00 2.732145500183105469e+01 2.055179774761199951e-01
1.819445163057487047e-01 2.024249649047851562e+01 1.304129660129547119e-01
1.189740475725056701e+00 2.552730369567871094e+01 1.840867102146148682e-01
6.973689158026143975e-01 2.347732162475585938e+01 1.596008837223052979e-01
1.670131343752592201e+00 2.752741050720214844e+01 2.079776227474212646e-01
1.156399217138162072e+00 2.538849067687988281e+01 1.824288666248321533e-01
1.368146316787965944e-02 1.580674648284912109e+01 1.199514046311378479e-01
1.041973542018070908e-01 1.859030151367187500e+01 1.240558400750160217e-01
1.163299569734997485e+00 2.541722297668457031e+01 1.827724874019622803e-01
1.074086669961774376e+00 2.504577827453613281e+01 1.783355176448822021e-01
9.357842371765852096e-01 2.446996116638183594e+01 1.714574992656707764e-01
1.916471429650560498e+00 2.855305099487304688e+01 2.202290594577789307e-01
1.769428918879851098e+00 2.794083786010742188e+01 2.129160463809967041e-01
4.435933784740382357e-01 2.242072486877441406e+01 1.469800174236297607e-01
8.035751755041167232e-01 2.391950798034667969e+01 1.648822724819183350e-01
5.982294172050572900e-01 2.306455039978027344e+01 1.546704471111297607e-01
9.214192507500353901e-01 2.441015243530273438e+01 1.707433760166168213e-01
2.590794029673586518e-01 2.162343597412109375e+01 1.377091109752655029e-01
2.481233316802509137e-01 2.142728996276855469e+01 1.366725862026214600e-01
1.363117445461687671e+00 2.624915885925292969e+01 1.927093565464019775e-01
1.529222712328710543e+00 2.694074058532714844e+01 2.009700238704681396e-01
1.725453940642230455e+00 2.775774765014648438e+01 2.107292711734771729e-01
1.095014307253373342e+00 2.513291549682617188e+01 1.793764531612396240e-01
3.674737843723483444e-01 2.210380363464355469e+01 1.431948244571685791e-01
2.648176839543108230e-01 2.167639350891113281e+01 1.380892693996429443e-01
1.177796620436327268e+00 2.547757911682128906e+01 1.834931671619415283e-01
3.814792556596542372e-01 2.216211128234863281e+01 1.438914835453033447e-01
6.938345489218040729e-01 2.346260261535644531e+01 1.594245731830596924e-01
1.701924972551196458e-01 2.003209877014160156e+01 1.293009221553802490e-01
4.362070806454214633e-01 2.238997268676757812e+01 1.466127336025238037e-01
5.859162445235712724e-01 2.301328659057617188e+01 1.540580093860626221e-01
1.325639916955325903e+00 2.609312248229980469e+01 1.908456981182098389e-01
1.466407096464207527e+00 2.667920494079589844e+01 1.978466808795928955e-01
1.792089291819765284e+00 2.803518486022949219e+01 2.140432894229888916e-01
4.175610276410339772e-01 2.231233787536621094e+01 1.456854045391082764e-01
3.039313854546334959e-01 2.183924293518066406e+01 1.400344073772430420e-01
1.792620438213590406e+00 2.803739929199218750e+01 2.140694558620452881e-01
1.504846771006141948e+00 2.683924865722656250e+01 1.997579038143157959e-01
1.360654984872403439e+00 2.623890495300292969e+01 1.925869882106781006e-01
5.052290213185353096e-01 2.267734718322753906e+01 1.500455439090728760e-01
1.582767587640895313e+00 2.716367530822753906e+01 2.036329209804534912e-01
3.073876467385572298e-02 1.633129692077636719e+01 1.207250729203224182e-01
1.227731075380049663e+00 2.568548011779785156e+01 1.859765946865081787e-01
1.114312018330556375e+00 2.521326065063476562e+01 1.803359687328338623e-01
1.520781095017883722e+00 2.690559387207031250e+01 2.005501091480255127e-01
1.708707462422869749e+00 2.768802070617675781e+01 2.098961174488067627e-01
1.790775889048885405e+00 2.802971839904785156e+01 2.139781415462493896e-01
8.252629424992063978e-01 2.400980758666992188e+01 1.659613549709320068e-01
1.023838868613347053e-01 1.853453636169433594e+01 1.239737048745155334e-01
1.903892250288854671e+00 2.850067710876464844e+01 2.196029126644134521e-01
1.833563074880914190e+00 2.820785713195800781e+01 2.161051332950592041e-01
1.090810020277733550e+00 2.511540603637695312e+01 1.791671812534332275e-01
9.644842232900880941e-01 2.458945465087890625e+01 1.728846728801727295e-01
1.106876954573770888e+00 2.518230628967285156e+01 1.799661815166473389e-01
5.759609813088846231e-01 2.297183799743652344e+01 1.535630524158477783e-01
1.774305952084415106e+00 2.796114158630371094e+01 2.131585776805877686e-01
1.372879317697896617e+00 2.628980445861816406e+01 1.931950151920318604e-01
1.310275162362755763e+00 2.602915382385253906e+01 1.900813877582550049e-01
8.997292980160538356e-01 2.431984519958496094e+01 1.696644127368927002e-01
1.714951538329566816e+00 2.771401786804199219e+01 2.102067172527313232e-01
1.219888603538086258e-01 1.913743019104003906e+01 1.248626485466957092e-01
1.471798978598992891e+00 2.670165634155273438e+01 1.981144249439239502e-01
9.574691525411196391e-01 2.456024551391601562e+01 1.725357472896575928e-01
1.688592668955959386e+00 2.760427665710449219e+01 2.088961303234100342e-01
1.962259913806970291e+00 2.874368476867675781e+01 2.225059568881988525e-01
6.224412311716565060e-01 2.316535758972167969e+01 1.558744609355926514e-01
1.247261459053871313e+00 2.576679420471191406e+01 1.869473159313201904e-01
1.673808202369202025e+00 2.754271888732910156e+01 2.081601917743682861e-01
1.444831878220420585e-02 1.583032894134521484e+01 1.199859157204627991e-01
1.507036305021548506e+00 2.684836769104003906e+01 1.998667418956756592e-01
1.898530125570223159e+00 2.847835350036621094e+01 2.193364202976226807e-01
1.182732771310135655e+00 2.549812889099121094e+01 1.837384402751922607e-01
1.310890268867802799e+00 2.603171348571777344e+01 1.901121437549591064e-01
1.600146402106566557e+00 2.723603630065917969e+01 2.044971287250518799e-01
6.899173010903387748e-01 2.344629478454589844e+01 1.592303812503814697e-01
1.754947666099681891e+00 2.788054656982421875e+01 2.121956646442413330e-01
1.436710337002145454e+00 2.655556488037109375e+01 1.963696777820587158e-01
1.789527464111085653e+00 2.802451515197753906e+01 2.139156162738800049e-01
1.393741519512921911e+00 2.637666130065917969e+01 1.942328512668609619e-01
1.106172411949226220e+00 2.517937278747558594e+01 1.799315512180328369e-01
1.473026928213729159e+00 2.670676994323730469e+01 1.981752216815948486e-01
1.625716934925635737e+00 2.734249114990234375e+01 2.057685554027557373e-01
1.070429933500947284e+00 2.503055763244628906e+01 1.781539022922515869e-01
1.484170839589602942e+00 2.675316810607910156e+01 1.987295448780059814e-01
4.093341285533489415e-01 2.227808570861816406e+01 1.452761590480804443e-01
1.673024743965284777e+00 2.753945732116699219e+01 2.081219255924224854e-01
4.890038753911736258e-01 2.260979270935058594e+01 1.492387354373931885e-01
6.631921927454964560e-01 2.333502388000488281e+01 1.579011380672454834e-01
1.040504121727713782e+00 2.490595817565917969e+01 1.766652762889862061e-01
1.327669973612063847e+00 2.610157775878906250e+01 1.909470260143280029e-01
2.945124590957370891e-02 1.629170227050781250e+01 1.206666007637977600e-01
8.610815170805521390e-01 2.415893745422363281e+01 1.677425205707550049e-01
7.378191720301379153e-01 2.364573669433593750e+01 1.616125404834747314e-01
1.629237887990346634e+00 2.735715675354003906e+01 2.059442102909088135e-01
1.031421620914899417e+00 2.486814689636230469e+01 1.762134134769439697e-01
1.914252083865861653e+00 2.854381179809570312e+01 2.201183736324310303e-01
1.491025438821517390e+00 2.678170585632324219e+01 1.990701854228973389e-01
6.333203015898156707e-01 2.321065139770507812e+01 1.564156115055084229e-01
6.422675717391819195e-01 2.324790382385253906e+01 1.568606197834014893e-01
8.214861668905384384e-01 2.399408149719238281e+01 1.657731235027313232e-01
1.984015029791711626e+00 2.883426856994628906e+01 2.235877811908721924e-01
3.085162732657580342e-01 2.185833358764648438e+01 1.402628123760223389e-01
1.987250679089801686e+00 2.884773445129394531e+01 2.237479984760284424e-01
5.688547793757625648e-01 2.294225120544433594e+01 1.532094776630401611e-01
1.889732677457377052e+00 2.844171714782714844e+01 2.188988626003265381e-01
4.777325354325829831e-01 2.256286621093750000e+01 1.486777961254119873e-01
9.208886949062053962e-01 2.440794372558593750e+01 1.707169115543365479e-01
1.887061930589017278e+00 2.843060493469238281e+01 2.187660038471221924e-01
1.533884815202254837e+00 2.696014976501464844e+01 2.012018263339996338e-01
9.443727445681493471e-02 1.829015922546386719e+01 1.236133351922035217e-01
5.335860216045957838e-01 2.279540824890136719e+01 1.514556109905242920e-01
1.045005081695014049e+00 2.492470359802246094e+01 1.768893897533416748e-01
1.350059263458400993e+00 2.619478988647460938e+01 1.920602023601531982e-01
6.856196091175990048e-01 2.342840003967285156e+01 1.590164005756378174e-01
1.412553643995170471e+00 2.645499229431152344e+01 1.951678693294525146e-01
7.151441370836262301e-01 2.355132675170898438e+01 1.604848802089691162e-01
2.929207465348586670e-01 2.179339981079101562e+01 1.394870579242706299e-01
4.722810734847944225e-01 2.254016876220703125e+01 1.484068334102630615e-01
1.101788483573094890e+00 2.516112136840820312e+01 1.797133386135101318e-01
1.577271558564060649e+00 2.714079093933105469e+01 2.033596932888031006e-01
1.791564766097477168e+00 2.803300285339355469e+01 2.140169441699981689e-01
3.779769612622310149e-01 2.214753341674804688e+01 1.437170803546905518e-01
1.721075467042211926e+00 2.773951721191406250e+01 2.105109393596649170e-01
1.307350610950690273e+00 2.601697731018066406e+01 1.899357140064239502e-01
1.322153118938126815e+00 2.607860755920410156e+01 1.906721293926239014e-01
8.129495024960033955e-01 2.395853805541992188e+01 1.653486788272857666e-01
8.885276226249410048e-01 2.427320861816406250e+01 1.691074073314666748e-01
4.143973851914051210e-01 2.229916572570800781e+01 1.455283463001251221e-01
5.066438442079781446e-01 2.268323516845703125e+01 1.501155793666839600e-01
1.635669193806669641e+00 2.738393211364746094e+01 2.062638700008392334e-01
1.791594821829610718e+00 2.803312873840332031e+01 2.140182554721832275e-01
1.828429027389901318e+00 2.818648719787597656e+01 2.158502638339996338e-01
1.167522763707156130e+00 2.543480300903320312e+01 1.829822957515716553e-01
1.791894189052027686e+00 2.803437232971191406e+01 2.140329182147979736e-01
2.687588101036089139e-01 2.169280242919921875e+01 1.382857859134674072e-01
1.543677080084846498e-01 1.974878883361816406e+01 1.278042495250701904e-01
1.316967760142186528e+00 2.605702209472656250e+01 1.904145181179046631e-01
1.128615601396556922e+00 2.527281379699707031e+01 1.810472309589385986e-01
8.939180274659876968e-01 2.429565238952636719e+01 1.693755686283111572e-01
9.831704713534228368e-01 2.466725540161132812e+01 1.738140881061553955e-01
2.213444770414614293e-01 2.094787025451660156e+01 1.341393291950225830e-01
8.146351181338622460e-01 2.396555709838867188e+01 1.654329001903533936e-01
5.853436572283239325e-01 2.301090240478515625e+01 1.540295779705047607e-01
5.288019374262973304e-01 2.277549171447753906e+01 1.512180864810943604e-01
1.532171452247663712e+00 2.695302009582519531e+01 2.011167109012603760e-01
1.605013492281502030e+00 2.725629615783691406e+01 2.047393620014190674e-01
1.945611967740998871e-01 2.046837043762207031e+01 1.316060125827789307e-01
2.660329810415971163e-01 2.168145370483398438e+01 1.381496489048004150e-01
2.016797387301170197e-01 2.059581565856933594e+01 1.322794258594512939e-01
1.138559331290997845e+00 2.531421661376953125e+01 1.815417110919952393e-01
7.121622526103181805e-01 2.353891181945800781e+01 1.603364050388336182e-01
2.046305091699411882e-01 2.064863967895507812e+01 1.325587332248687744e-01
1.075574767301108681e+00 2.505198097229003906e+01 1.784094870090484619e-01
1.960870879717297788e+00 2.873790931701660156e+01 2.224369347095489502e-01
9.546459728665219746e-01 2.454849052429199219e+01 1.723956167697906494e-01
1.682704256080467697e+00 2.757975769042968750e+01 2.086028158664703369e-01
1.052495212457634999e+00 2.495588684082031250e+01 1.772611439228057861e-01
7.986950114474185014e-01 2.389919090270996094e+01 1.646401584148406982e-01
1.450765321591696022e+00 2.661408424377441406e+01 1.970683634281158447e-01
2.999635071808655074e-01 2.182272148132324219e+01 1.398374736309051514e-01
5.041969602527678340e-01 2.267304611206054688e+01 1.499941051006317139e-01
1.244954790812041079e+00 2.575718879699707031e+01 1.868333518505096436e-01
7.248510561521448459e-02 1.761508369445800781e+01 1.226178184151649475e-01
1.515546288607232839e+00 2.688379478454589844e+01 2.002904713153839111e-01
8.086574427967574419e-01 2.394067001342773438e+01 1.651355922222137451e-01
1.207278484216418146e+00 2.560032653808593750e+01 1.849592626094818115e-01
7.897745278528993662e-01 2.386204910278320312e+01 1.641963422298431396e-01
8.341057559489355455e-01 2.404662132263183594e+01 1.664006412029266357e-01
1.620127813501165637e+00 2.731921958923339844e+01 2.054905593395233154e-01
1.208765391856911675e+00 2.560651588439941406e+01 1.850334703922271729e-01
7.637191649045786956e-01 2.375356864929199219e+01 1.629002988338470459e-01
9.150033123463763296e-02 1.819984245300292969e+01 1.234799399971961975e-01
7.295823286821281339e-01 2.361144065856933594e+01 1.612026989459991455e-01
1.988804755593829299e+00 2.885420608520507812e+01 2.238257229328155518e-01
8.384413105048194037e-01 2.406467628479003906e+01 1.666162908077239990e-01
1.882437435782268187e+00 2.841134834289550781e+01 2.185357511043548584e-01
1.638989863475314390e+00 2.739775848388671875e+01 2.064290344715118408e-01
4.608298805035329071e-01 2.249249076843261719e+01 1.478374898433685303e-01
1.331797494337019883e+00 2.611876106262207031e+01 1.911519467830657959e-01
4.577722306682852071e-01 2.247975921630859375e+01 1.476854979991912842e-01
7.562694475816513773e-01 2.372255325317382812e+01 1.625300943851470947e-01
1.071026350325749998e-01 1.867964744567871094e+01 1.241875663399696350e-01
9.569528772778503889e-01 2.455809593200683594e+01 1.725101768970489502e-01
1.329451215731901836e+00 2.610899543762207031e+01 1.910347044467926025e-01
1.402087375702797178e+00 2.641141319274902344e+01 1.946475803852081299e-01
1.311490919217739304e+00 2.603421211242675781e+01 1.901419460773468018e-01
1.749245240015140812e+00 2.785680198669433594e+01 2.119127810001373291e-01
9.670893291651649903e-02 1.836001777648925781e+01 1.237162128090858459e-01
5.737849618432533383e-02 1.715052413940429688e+01 1.219330206513404846e-01
1.692365058476297257e-01 2.001498413085937500e+01 1.292107403278350830e-01
1.249761227378612949e+00 2.577720832824707031e+01 1.870722472667694092e-01
2.806392382316904577e-01 2.174226570129394531e+01 1.388761103153228760e-01
5.028363176000283374e-01 2.266738319396972656e+01 1.499263346195220947e-01
7.967745106651185072e-01 2.389119720458984375e+01 1.645443737506866455e-01
1.730313964981193608e+00 2.777797889709472656e+01 2.109705507755279541e-01
2.255226946584725223e-01 2.102267265319824219e+01 1.345348656177520752e-01
1.579825047815940131e+00 2.715141868591308594e+01 2.034863531589508057e-01
7.039205676912427823e-01 2.350459861755371094e+01 1.599264442920684814e-01
1.327412601793877656e+00 2.610050201416015625e+01 1.909339129924774170e-01
7.062303014724886641e-01 2.351421356201171875e+01 1.600414812564849854e-01
1.145560386333157599e-01 1.890885543823242188e+01 1.245257630944252014e-01
1.335278890430016130e+00 2.613325691223144531e+01 1.913247406482696533e-01
1.464774402118360630e+00 2.667241287231445312e+01 1.977650821208953857e-01
1.034977516040225254e-02 1.570428943634033203e+01 1.198002472519874573e-01
1.557558072266545413e+00 2.705871009826660156e+01 2.023794949054718018e-01
1.132009785744974684e+00 2.528694343566894531e+01 1.812163889408111572e-01
1.294864207719321092e+00 2.596498680114746094e+01 1.893150508403778076e-01
1.379873833846168019e+00 2.631892967224121094e+01 1.935428082942962646e-01
1.503794722367479020e+00 2.683487129211425781e+01 1.997058093547821045e-01
6.003895972731605468e-01 2.307354545593261719e+01 1.547775566577911377e-01
8.220464836253307261e-01 2.399641609191894531e+01 1.658010780811309814e-01
1.077694754572008140e+00 2.506080627441406250e+01 1.785147488117218018e-01
6.852107037069807838e-01 2.342669677734375000e+01 1.589961946010589600e-01
9.654232647126157474e-01 2.459336090087890625e+01 1.729314029216766357e-01
8.215283186536792570e-01 2.399425697326660156e+01 1.657752096652984619e-01
9.090236323783587036e-01 2.435854339599609375e+01 1.701263487339019775e-01
6.449050430254745780e-01 2.325888633728027344e+01 1.569915711879730225e-01
1.861283686544413563e+00 2.832327270507812500e+01 2.174842655658721924e-01
2.402354913023223570e-01 2.128607368469238281e+01 1.359266340732574463e-01
1.799423446789395920e+00 2.806571769714355469e+01 2.144072353839874268e-01
1.409846361582772323e+00 2.644371604919433594e+01 1.950334012508392334e-01
1.377045933838565439e-01 1.945046997070312500e+01 1.262279450893402100e-01
